5000,0.001269
10000,0.0019623333333333333
15000,0.0026963333333333336
20000,0.0035626666666666667
25000,0.004188333333333334
30000,0.005102666666666666
35000,0.0059243333333333335
40000,0.006907666666666666
45000,0.007687333333333333
50000,0.008381
55000,0.009476333333333333
60000,0.010495666666666667
65000,0.011645666666666665
70000,0.012596666666666667
75000,0.013699999999999999
80000,0.014027333333333334
85000,0.014475666666666666
90000,0.01607
95000,0.016331666666666664
100000,0.018004333333333334
